0
0
0.0016166282
0.0002309469
0.0789838337
0
0
0.0004618938
0.0272517321
0
0.0002309469
0
0
0.0006928406
0.017551963
0
0
0.0002309469
0.0080831409
0.0020785219
0.0020785219
0
0.0002309469
0
0.0011547344
0
0
0
0.0020785219
0.0020785219
0.0004618938
0.0004618938
0.0006928406
0.0002309469
0
0
0
0.0011547344
0.0025404157
0.0011547344
0
0.0023094688
0
0
0.0004618938
0.0002309469
0
0.0006928406
0.0018475751
0
0
0
0.0013856813
0.0011547344
0
0.0036951501
0
0.0020785219
0.0011547344
0
0
0
0.0002309469
0
0.0016166282
0.0020785219
0.0002309469
0.0023094688
0.0004618938
0.0011547344
0.0090069284
0.0092378753
0.0002309469
0
0.0016166282
0.0002309469
0.0002309469
0
0.0002309469
0.0023094688
0.0030023095
0
0.0027713626
0
0.0011547344
0.0011547344
0
0
0.0004618938
0.0006928406
0.0016166282
0.0006928406
0
0.0002309469
0
0.0099307159
0.0069284065
0.0050808314
0
0
0.0009237875
0
0.0004618938
0
0.0896073903
0
0.0006928406
0.0025404157
0
0.0004618938
0.0004618938
0
0.0205542725
0
0
0.0006928406
0
0.0011547344
0.02147806
0
0
0.0032332564
0.0027713626
0.0013856813
0.0034642032
0
0.0002309469
0
0.0041570439
0
0
0.0034642032
0
0.0006928406
0.0002309469
0
0.0011547344
0.0004618938
0
0
0
0.0006928406
0.0009237875
0.0002309469
0
0
0
0.0013856813
0.0009237875
0.0027713626
0
0
0.0004618938
0
0
0
0.0009237875
0.0002309469
0.0025404157
0.0025404157
0.0020785219
0.0004618938
0
0
0
0.0002309469
0.0002309469
0.0006928406
0
0
0.0004618938
0.0002309469
0.0006928406
0.0011547344
0.0030023095
0.0048498845
0
0
0.0002309469
0
0.0006928406
0
0.0002309469
0.0018475751
0
0.0006928406
0
0
0
0
0
0
0.0004618938
0
0.0027713626
0.0032332564
0.0004618938
0.0006928406
0
0.0006928406
0.0002309469
0.0025404157
0
0
0.0004618938
0
0
0
0.0237875289
0
0
0
0.0337182448
0
0.0002309469
0
0
0
0
0.0013856813
0
0
0.0113163972
0
0
0
0.0004618938
0.0002309469
0.0108545035
0
0.0004618938
0.0002309469
0.0034642032
0
0
0.0002309469
0.0002309469
0.0020785219
0
0
0.0002309469
0
0
0
0
0.0004618938
0.0002309469
0
0
0
0
0
0.0011547344
0
0
0
0
0
0
0
0.0002309469
0.0004618938
0.0018475751
0.0009237875
0.0002309469
0.0002309469
0.0004618938
0.0011547344
0
0
0
0
0.0011547344
0
0.0004618938
0
0
0
0.0013856813
0
0
0
0.0009237875
0
0
0.0006928406
0.0004618938
0.0023094688
0.0002309469
0.0009237875
0
0.0009237875
0.0011547344
0.0013856813
0.0030023095
0
0.0002309469
0
0
0.0032332564
0.0004618938
0.0011547344
0
0.0025404157
0.0023094688
0.0004618938
0
0
0
0
0
0
0.0002309469
0.0006928406
0.0016166282
0.0018475751
0
0.0004618938
0
0.0013856813
0
0
0.0009237875
0.0009237875
0
0.0415704388
0
0.0013856813
0
0
0.0020785219
0.0034642032
0.0030023095
0.0006928406
0.0004618938
0.0004618938
0.0006928406
0
0.0004618938
0.0016166282
0.0013856813
0.0011547344
0.0006928406
0
0.0002309469
0.0043879908
0.0002309469
0
0.0009237875
0.0080831409
0.0180138568
0
0
0.0016166282
0
0.0064665127
0.0011547344
0.0016166282
0
0
0.0002309469
0.0004618938
0
0.0004618938
0.0210161663
0.0002309469
0.0002309469
0.0006928406
0.0267898383
0
0
0
0.0057736721
0
0.0004618938
0
0
0
0
0.0032332564
0
0.0004618938
0.0009237875
0.0032332564
0.0090069284
0
0
0
0.0041570439
0
0
0.0025404157
0.0002309469
0.0004618938
0
0.0013856813
0.0011547344
0
0.0004618938
0.0020785219
0
0.0004618938
0.0016166282
0.0013856813
0.0034642032
0
0
0.0002309469
0.0006928406
0.0013856813
0
0.0009237875
0.0002309469
0
0
0
0
0
0.0002309469
0
0
0
0.0062355658
0
0
0
0
0
0
0
0
0
0
0
0
0
0
0
0
0
0
0
0
0.0032332564
0
0.0069284065
0.0027713626
0.0004618938
0.0004618938
0.0018475751
0.0004618938
0
0.0011547344
0.0018475751
0.0009237875
0.0046189376
0.0002309469
0.0032332564
0
0
0.0027713626
0.0050808314
0.0009237875
0
0
0.0002309469
0
0
0.0025404157
0.0018475751
0.0062355658
0.0076212471
0.0080831409
0.0009237875
0
0.0002309469
0
0.0002309469
0
0.0062355658
0
0.0013856813
0.0002309469
0.0016166282
0
0.0032332564
0
0.0034642032
0
0
0.0011547344
0.0006928406
0.0046189376
0.0002309469
0.0006928406
0.0009237875
0.0020785219
0.0096997691
0.0016166282
0.0011547344
0.0043879908
0.0011547344
0
0.0002309469
0
0.0032332564
0.0020785219
0.0011547344
0.0011547344
0.0013856813
0
0.0025404157
0.0085450346
0
0
0.0004618938
0.0043879908
0
0.0016166282
0.0013856813
0.0046189376
0
0
0
0.0101616628
0
0
0
0.0147806005
0
0
0
0
0.0004618938
0.0099307159
0
0
0.0009237875
0
0
0
0
0.0004618938
0
0.0018475751
0
0
0
0.0016166282
0
0
0.0006928406
0
0
0
0
0
0.0002309469
0
0
0.0002309469
0
0
0
0.0018475751
0.0006928406
0
0
0
0
0
0
0.0004618938
0.0004618938
0.0002309469
0
0.0002309469
0
0
0.0004618938
0
0
0.0002309469
0
0
0
0
0.0016166282
0
0.0013856813
0.0006928406
0.0006928406
0.0002309469
0
0
0
0
0
0
0
0
0.0004618938
0
0
0
0
0
0
0
0
0
0
0
0
0
0
0.0020785219
0
0
0
0
0
0
0
0
0
0.0004618938
0
0.0034642032
0
0.0002309469
0.0016166282
0.0034642032
0
0
0
0.0004618938
0
0.0013856813
0.0002309469
0
0.0016166282
0.0083140878
0.0018475751
0.0011547344
0
0
0.0002309469
0
0
0
0
0
0.0016166282
0
0
0
0
0
0
0
0.0016166282
0.0011547344
0
0
0
0
0.0004618938
0.0048498845
0.0006928406
0
0
0
0
0.0006928406
0
0
0
0
0
0
0
0
0
0
0
0
0
0
0
0
0
0
0
0
0
0
0
0
0
0
0
0.0022026432
0.0001468429
0.0020558003
0.0010279001
0.0014684288
0
0.0001468429
0.0001468429
0.004845815
0.0001468429
0.0005873715
0.0045521292
0.0002936858
0.0057268722
0.0017621145
0.0005873715
0.0004405286
0.0041116006
0.0196769457
0.0010279001
0.0041116006
0
0.0001468429
0.0001468429
0.0005873715
0.0001468429
0.0004405286
0.0016152717
0
0
0.0010279001
0
0.0001468429
0
0.0073421439
0
0
0.0022026432
0
0.0001468429
0.0001468429
0
0
0.0007342144
0.002349486
0
0
0.0004405286
0
0
0
0
0.0027900147
0
0.0079295154
0.0001468429
0.0019089574
0
0
0.0026431718
0.0073421439
0
0.0004405286
0.0001468429
0.0001468429
0.0001468429
0.0010279001
0.0001468429
0
0.0010279001
0.003671072
0.0010279001
0.001174743
0.0005873715
0
0.0001468429
0
0
0.0026431718
0
0.0004405286
0.0024963289
0.0020558003
0.0002936858
0
0
0.0013215859
0
0
0.0008810573
0.0001468429
0.0013215859
0.0019089574
0
0
0.0008810573
0.0174743025
0
0
0
0
0
0.0007342144
0
0.0057268722
0.0002936858
0.001174743
0.0111600587
0.0215859031
0.0002936858
0
0.0001468429
0.0005873715
0
0.0004405286
0.0005873715
0.0008810573
0.0039647577
0.0007342144
0.0001468429
0
0.0121879589
0.0612334802
0.0008810573
0.0005873715
0.0001468429
0.0014684288
0.0002936858
0.001174743
0
0.0001468429
0
0
0
0.0002936858
0.0039647577
0.0001468429
0
0.0017621145
0
0
0.0014684288
0
0
0
0
0
0.0007342144
0.0033773862
0
0.0001468429
0
0
0
0.0001468429
0
0.001174743
0
0
0
0.0007342144
0.0001468429
0.0007342144
0.0017621145
0.001174743
0
0
0.0002936858
0
0.0001468429
0.0001468429
0
0.0001468429
0.0007342144
0.0101321586
0.0002936858
0.0004405286
0
0.0001468429
0
0
0
0.0005873715
0.0001468429
0
0.0001468429
0.0035242291
0
0.0014684288
0.0026431718
0.0024963289
0.0002936858
0
0.0001468429
0
0.0001468429
0.0005873715
0
0
0.002349486
0.0035242291
0.0032305433
0.0001468429
0
0.0007342144
0
0.0004405286
0
0.0014684288
0.0004405286
0.0019089574
0.0019089574
0.003671072
0
0.0001468429
0.0001468429
0.0101321586
0.0002936858
0.0001468429
0.0024963289
0.0016152717
0.004845815
0.0039647577
0.0001468429
0
0.0013215859
0.0044052863
0.0042584435
0.0016152717
0
0
0.0001468429
0
0.0001468429
0
0
0
0
0
0
0
0
0
0
0
0
0
0
0
0
0
0
0
0
0.0001468429
0
0
0
0
0
0.0002936858
0.0005873715
0
0.0001468429
0.0013215859
0
0
0.0001468429
0.0001468429
0
0.0001468429
0.0001468429
0
0
0.0002936858
0.0001468429
0
0
0.0139500734
0
0.0001468429
0
0
0
0.0005873715
0
0.0004405286
0.0001468429
0
0.0001468429
0.0055800294
0
0
0
0.0116005874
0
0.0002936858
0.0187958884
0.0001468429
0
0.0010279001
0
0
0
0.0142437592
0.0010279001
0.0004405286
0.0001468429
0
0
0.0002936858
0
0.0016152717
0.0001468429
0.0001468429
0
0.0024963289
0
0
0.0001468429
0.0008810573
0
0.0001468429
0
0.0149779736
0.0064610866
0.0010279001
0.0002936858
0
0
0.0069016153
0.0001468429
0.0002936858
0
0.0001468429
0
0
0
0.0022026432
0.0007342144
0.0010279001
0.0019089574
0.0076358297
0.0005873715
0.0024963289
0
0.0049926579
0
0.0001468429
0.0001468429
0.0038179148
0.0145374449
0.0017621145
0
0
0.0002936858
0.022907489
0.0077826725
0.0001468429
0.0001468429
0
0
0.0001468429
0
0.0020558003
0.0001468429
0.0001468429
0.0004405286
0.0010279001
0.0002936858
0.0001468429
0
0.0041116006
0.0001468429
0
0.0008810573
0.0004405286
0.0019089574
0.0093979442
0.0044052863
0
0.002349486
0.0086637298
0.0005873715
0.0027900147
0.0001468429
0
0
0.0001468429
0.0001468429
0.0033773862
0
0.0001468429
0.0001468429
0.0014684288
0
0
0.0029368576
0.0004405286
0
0
0.0002936858
0
0
0.0038179148
0.0102790015
0
0.0042584435
0.0076358297
0.0013215859
0.0001468429
0.0001468429
0.0001468429
0
0
0
0
0
0
0
0
0
0
0
0.0001468429
0
0
0
0
0
0
0
0
0
0
0
0.0001468429
0
0
0
0
0
0.0022026432
0.0002936858
0.0001468429
0
0.0130690162
0.0001468429
0.0001468429
0.0002936858
0.0093979442
0
0
0.0007342144
0.0013215859
0.0010279001
0.0014684288
0
0
0.0193832599
0.0400881057
0.0042584435
0.0010279001
0
0.0001468429
0
0.0014684288
0
0.0019089574
0.0001468429
0.0010279001
0.0029368576
0.006020558
0
0.0001468429
0.0073421439
0.0148311307
0
0.0002936858
0.0002936858
0.0014684288
0.0010279001
0.0004405286
0.0001468429
0
0.0001468429
0.03010279
0.007195301
0.0010279001
0
0.0001468429
0
0.0010279001
0
0.0057268722
0
0
0.0004405286
0.0095447871
0.0001468429
0.0014684288
0.0035242291
0.0086637298
0.0001468429
0
0.0008810573
0.0004405286
0.0001468429
0.0033773862
0.0001468429
0
0.0079295154
0.0387665198
0.0268722467
0.0016152717
0
0.0007342144
0
0.0008810573
0
0.0022026432
0
0.0004405286
0
0.0013215859
0
0
0.0001468429
0.0035242291
0.0001468429
0.0001468429
0.0004405286
0.0004405286
0.0013215859
0.0001468429
0.0004405286
0
0.007195301
0.0027900147
0.0039647577
0.0038179148
0
0
0.0002936858
0.0004405286
0
0
0.0002936858
0
0
0.0052863436
0
0
0
0.0014684288
0
0
0.0001468429
0
0.0001468429
0
0.0001468429
0
0
0
0
0.0001468429
0.0007342144
0.0001468429
0
0
0
0
0
0
0.0001468429
0.0014684288
0
0
0.0001468429
0.0001468429
0
0.0001468429
0.0001468429
0
0.0002936858
0
0
0.0001468429
0.0001468429
0.001174743
0
0.0002936858
0
0.0005873715
0
0
0
0
0
0.0026431718
0
0.0001468429
0
0
0.0008810573
0.0001468429
0
0
0
0.0001468429
0
0.0004405286
0
0
0
0.0002936858
0
0
0
0
0.0001468429
0
0
0.0007342144
0.0001468429
0.0002936858
0
0.0004405286
0
0
0
0.0002936858
0
0
0.0001468429
0.0001468429
0.0008810573
0
0
0
0.0001468429
0.004845815
0.0001468429
0.0019089574
0
0.0001468429
0
0.0002936858
0
0.0002936858
0
0
0
0.0007342144
0.0001468429
0
0
0.0008810573
0
0
0
0
0
0
0
0
0
0
0
0
0
0
0
0.0002936858
0.0005873715
0.0067547724
0.001174743
0.0013215859
0.001174743
0.0038179148
0.0016152717
0.0020558003
0.0004405286
0.0007342144
0.0001468429
0.0024963289
0.0007342144
0.0008810573
0.0002936858
0.0002936858
0.0014684288
0
0.0008810573
0.0033773862
0.0002936858
0.0016152717
0.0001468429
0.0002936858
0.0001468429
0.0001468429
0.0002936858
0
0.0006794138
0.0056294283
0.0020382413
0.0002911773
0.0004852955
0.001747064
0.0007764729
0.0059206056
0
0.0003882364
0.0041735417
0.0004852955
0.0051441328
0
0.000873532
0
0.0095117927
0.0027176551
0.0051441328
0.0060176648
9.70591089973794E-005
0
0
0.0001941182
0
0.0001941182
0.0001941182
9.70591089973794E-005
0
0.0021353004
0
0
0
0.0177618169
0
0
0.0025235368
0
0
0.0001941182
0
0
0.0005823547
0.0016500049
0
0.0005823547
9.70591089973794E-005
0
0
0
0
0.003591187
0
0.0067941376
0
0.0061147239
0
0
0.0023294186
0.0310589149
0
0.000873532
0.0016500049
0
0
0.0032029506
0
0
0.004464719
0.0005823547
0.0052411919
0.0016500049
0
0
0
9.70591089973794E-005
0
0.0011647093
0
0.0006794138
0.0024264777
0.0043676599
0
0.0009705911
0
0.0060176648
9.70591089973794E-005
9.70591089973794E-005
0.0007764729
0.0003882364
0.0002911773
0.0002911773
0
0
0.0010676502
9.70591089973794E-005
0
0.0002911773
0.0001941182
0
0
0.0005823547
0
0.0077647287
9.70591089973794E-005
0.0048529554
0.0071823741
0.0086382607
0.0002911773
9.70591089973794E-005
9.70591089973794E-005
0.0005823547
0
0
0.0031058915
0.000873532
0.0073764923
0.0018441231
0.000873532
9.70591089973794E-005
0.0230030088
0.0216441813
0.0033000097
0.0007764729
0.0001941182
9.70591089973794E-005
0.0006794138
9.70591089973794E-005
0
0.0003882364
0
0
0
0.0012617684
0.004464719
0
0
0.0076676696
0
0
0.0011647093
0
0
0.0003882364
0
0
0.0010676502
0
0.0007764729
9.70591089973794E-005
0
0
0
9.70591089973794E-005
0
0.0024264777
0
0
0.0001941182
0.008055906
9.70591089973794E-005
0.003591187
0.0024264777
0.0037853053
0
0
0.0002911773
0
0.0028147142
0.0003882364
0
0
0.0050470737
0.0006794138
9.70591089973794E-005
0.0021353004
0
0
0
9.70591089973794E-005
0
0.0014558866
0.0011647093
9.70591089973794E-005
0.0002911773
0.0019411822
0
0
0.0024264777
0.0023294186
0
0
0.0006794138
9.70591089973794E-005
0.000873532
0.0021353004
0
0
0.0014558866
9.70591089973794E-005
0.0025235368
0
0
9.70591089973794E-005
0
9.70591089973794E-005
0
0.0025235368
9.70591089973794E-005
0.0058235465
0.0025235368
0.0022323595
9.70591089973794E-005
0.000873532
0
9.70591089973794E-005
0
0
0.0036882461
0.0013588275
0.0079588469
0.0039794235
0.0006794138
0
0.0015529457
0.0068911967
0.006211783
9.70591089973794E-005
9.70591089973794E-005
0
0
9.70591089973794E-005
0.0006794138
0
0
0
0
9.70591089973794E-005
0
0
0
0
0
0
0
0
9.70591089973794E-005
9.70591089973794E-005
0
0
0
0
0
9.70591089973794E-005
0
0
0
0
0
0.0003882364
0
0
9.70591089973794E-005
0.0014558866
9.70591089973794E-005
0.0007764729
9.70591089973794E-005
0.0004852955
0
9.70591089973794E-005
0.0002911773
0
0.0016500049
0
0
0
9.70591089973794E-005
0.0004852955
0
0
0
9.70591089973794E-005
0
0
0
0.0023294186
0
9.70591089973794E-005
0.0005823547
0.0046588372
0
0
0
0.0210618267
0
0
0.020479472
0.0001941182
0
0.0028147142
0
0
0.0001941182
0.0011647093
0.0006794138
0.0002911773
0.0001941182
0
0
0.0010676502
0
0.0014558866
0.0009705911
0
0
0.0032029506
0
0
9.70591089973794E-005
0.0040764826
0
0
0
0.0174706396
0.0006794138
0.0006794138
0.0030088324
0
0
0.000873532
0
0.0003882364
0
0
0
0
0
0.0020382413
0
0.0040764826
0.0068911967
0.0066000194
9.70591089973794E-005
0.0155294574
0
0.0185382898
0
0
0
0.0016500049
0.0139765117
0.0020382413
0
0
0
0.0123265068
0.0084441425
0.0041735417
9.70591089973794E-005
9.70591089973794E-005
0
0.0001941182
0
0.0010676502
0.0003882364
0.0002911773
0.0005823547
0.0007764729
0
0.0004852955
0
0.0003882364
9.70591089973794E-005
0
0.0012617684
0.000873532
0.0067941376
0.0025235368
0.0019411822
0
0.0095117927
0.0019411822
0.0012617684
0.0045617781
0.0001941182
0.0004852955
0
9.70591089973794E-005
0
0.0024264777
0
0
0
0.0021353004
0
0
0.0011647093
0.0014558866
0
0
0.0027176551
9.70591089973794E-005
0
0.0029117733
0.0090264971
0
0.0056294283
9.70591089973794E-005
0.001747064
0.0001941182
0
0
0
0
0
0
0
0
0
0
0
0
0
0
0
0
0
0
0
0
0
0
0
0
0
0.001747064
0
0
0
0
0
0.0061147239
0.0003882364
0.0011647093
0.0018441231
0.0182471125
0
0.0010676502
0.0004852955
0.0128118024
0
0.0002911773
0.0032029506
0.0006794138
0.0152382801
0.0020382413
0.0001941182
0
0.0268853732
0.0099970882
0.0066000194
0
0.0009705911
9.70591089973794E-005
0
0.0026205959
0
0.0015529457
0
0.0026205959
0
0.0071823741
9.70591089973794E-005
0
0.001747064
0.0224206542
0
0
0.0001941182
9.70591089973794E-005
0
0.0029117733
0.0029117733
0
0.0003882364
0.0257206639
0.0120353295
0.0020382413
0
0
0
9.70591089973794E-005
0
0.0023294186
9.70591089973794E-005
0.0001941182
0
0.0073764923
9.70591089973794E-005
0.0006794138
0.0047558963
0.0414442395
0
0
0.0030088324
0.0002911773
0.0002911773
0.0010676502
9.70591089973794E-005
0
0.0197029991
0.0004852955
0.0132970979
0.0013588275
0
0.0003882364
0
0.0001941182
0
0.0025235368
0.0005823547
0.000873532
0.0009705911
0.0014558866
0
9.70591089973794E-005
0
0.0027176551
0
0
0.0037853053
0.0001941182
0.0107735611
9.70591089973794E-005
0
0
0.0125206251
0.0030088324
0.0064059012
0
0
0
0
9.70591089973794E-005
0
0.000873532
0
0
0
0.0056294283
0
0
0
0.0030088324
0
0
0
0
0
0.0001941182
0
0
9.70591089973794E-005
0
0
0
0
0
0
9.70591089973794E-005
0
0.0038823644
0
0
9.70591089973794E-005
0.0010676502
9.70591089973794E-005
0
0.0010676502
0.0014558866
0
0
9.70591089973794E-005
0
0.0001941182
0.0001941182
0
0
0.0001941182
0.0023294186
0
0
0
0
0
0
0
9.70591089973794E-005
0
0.0016500049
0
0.0002911773
0
0
9.70591089973794E-005
0
0
0
0
0
0
0
0.0005823547
0
0
0
0.0004852955
0
0
0
0
9.70591089973794E-005
0
0.0001941182
9.70591089973794E-005
0.0033000097
0
0.0001941182
0
9.70591089973794E-005
0
9.70591089973794E-005
0
0
9.70591089973794E-005
0.0001941182
9.70591089973794E-005
9.70591089973794E-005
9.70591089973794E-005
0
0
0.0016500049
9.70591089973794E-005
0
0
9.70591089973794E-005
0
0
0
9.70591089973794E-005
0
0
0
0.0001941182
0
0
0
0
0
0
0
0
0
0
0
0
0
0
0
0
0
0
0
0
0.0001941182
0.0019411822
0.0013588275
0.0039794235
0.0030088324
0.0019411822
0.0019411822
0.0006794138
0.0005823547
0.0019411822
0.0002911773
0.0005823547
0.0021353004
0.0015529457
0.0004852955
0.0004852955
0.0016500049
0
0.0027176551
0.0025235368
0.0005823547
0.0001941182
9.70591089973794E-005
0.0023294186
0
0
0.0001941182
0
0
0.0013029316
0.0006514658
0.0006514658
0
0
0
0.0123778502
0
0.0006514658
0.0091205212
0.0026058632
0.016286645
0.006514658
0.0019543974
0
0.0175895765
0.0019543974
0.003257329
0.0201954397
0
0
0
0
0
0
0
0
0
0.0013029316
0
0
0
0
0
0
0.0006514658
0.0006514658
0
0.0013029316
0
0
0
0.0013029316
0
0
0
0
0
0
0
0
0
0
0
0.0006514658
0
0
0.0006514658
0.0553745928
0
0
0.009771987
0
0
0.0084690554
0
0
0
0.0019543974
0
0.0045602606
0
0
0
0
0
0
0
0
0
0
0
0
0
0.0045602606
0
0
0
0
0
0
0
0
0.0006514658
0
0
0.0013029316
0
0
0
0
0
0.0006514658
0
0.0026058632
0.003257329
0
0
0
0
0.0390879479
0
0
0.0136807818
0.0039087948
0.0104234528
0.0071661238
0.0013029316
0
0.0188925081
0.003257329
0
0.0553745928
0
0
0
0.0013029316
0
0
0
0
0
0
0
0
0
0.0078175896
0
0
0.0006514658
0
0
0
0
0
0
0
0
0
0
0
0
0
0
0.0026058632
0
0
0
0.0013029316
0
0
0
0
0
0
0.0006514658
0
0.009771987
0
0
0
0.0019543974
0
0
0.0019543974
0
0
0
0
0
0.0078175896
0
0
0
0.009771987
0
0
0
0
0
0
0
0
0
0
0
0
0
0
0.006514658
0
0
0
0
0
0
0.009771987
0.0052117264
0.0201954397
0.0019543974
0.0429967427
0.0006514658
0.0019543974
0
0
0
0
0.0058631922
0
0.003257329
0.0071661238
0
0.0006514658
0.0084690554
0.0273615635
0.0228013029
0
0.0039087948
0
0
0
0.0019543974
0
0
0
0
0
0
0
0
0
0
0
0
0
0
0
0
0
0
0
0
0
0
0
0
0
0
0
0
0
0
0.0013029316
0
0
0
0
0
0
0
0
0
0
0
0
0
0
0
0
0
0
0
0
0
0.0071661238
0
0
0.0078175896
0.013029316
0
0.0006514658
0
0.0026058632
0
0
0
0
0
0.0006514658
0.0019543974
0
0
0.0006514658
0.0006514658
0.0019543974
0.0058631922
0
0
0.0045602606
0
0.0058631922
0
0
0
0.013029316
0
0
0
0
0
0
0
0
0.0013029316
0
0
0
0
0
0
0.0026058632
0
0
0
0
0
0.009771987
0
0.0039087948
0.0013029316
0.0078175896
0
0.0052117264
0
0.0006514658
0
0
0
0.0019543974
0
0
0
0
0
0.0039087948
0.0026058632
0
0
0
0
0
0
0.003257329
0
0.0013029316
0
0.0026058632
0
0
0
0.003257329
0
0
0.0006514658
0
0.003257329
0
0.0006514658
0
0.0071661238
0.0006514658
0.0006514658
0
0
0.0045602606
0.0006514658
0
0
0.0110749186
0
0
0
0.0026058632
0
0
0.0006514658
0
0
0
0
0
0
0.0006514658
0
0
0.003257329
0.0019543974
0.0039087948
0
0
0
0
0
0
0
0
0
0
0
0
0
0
0
0
0
0
0
0
0
0
0
0
0
0
0
0
0
0
0
0
0.0078175896
0
0
0
0.0156351792
0
0.0019543974
0
0.0091205212
0
0.0013029316
0.0013029316
0
0.0045602606
0.0195439739
0.0006514658
0
0
0
0.0013029316
0.006514658
0
0
0
0.0013029316
0
0.0026058632
0
0
0
0.0058631922
0
0
0.003257329
0.009771987
0
0
0.003257329
0.0013029316
0
0.0006514658
0.0143322476
0
0
0
0.0006514658
0.0019543974
0
0
0
0.0104234528
0
0.0026058632
0
0.0019543974
0
0.0026058632
0
0
0.0136807818
0.0319218241
0
0
0.0026058632
0
0
0.0019543974
0
0
0.003257329
0
0
0.0071661238
0
0.0013029316
0
0
0
0.0143322476
0
0.003257329
0.0006514658
0.0006514658
0
0.0013029316
0
0.0013029316
0
0
0.0013029316
0.0006514658
0
0.013029316
0.0013029316
0
0.0071661238
0.0071661238
0.0013029316
0
0
0
0
0
0
0
0
0
0
0.0006514658
0
0
0
0.0026058632
0
0
0
0
0
0
0
0
0
0
0
0
0
0
0
0
0
0
0
0
0
0
0
0
0.0026058632
0
0
0
0
0.0006514658
0.0006514658
0.0006514658
0
0
0
0
0
0
0
0
0
0.0052117264
0
0
0
0
0
0
0
0
0
0
0
0
0
0
0
0
0.0006514658
0
0
0
0
0
0
0
0
0
0
0
0.0006514658
0.0013029316
0
0
0
0.0006514658
0
0
0
0
0.0019543974
0
0
0
0.0013029316
0
0.0006514658
0.006514658
0
0
0
0
0
0
0
0
0
0
0
0
0
0
0
0
0
0
0
0
0
0
0
0
0
0
0
0
0
0
0
0
0
0
0
0
0
0
0
0
0
0
0
0
0
0
0
0
0
0
0
0
0
0
0
0
0
0
0

